0 6 10 0 0 0 0 0 0 0
6 0 12 14 1 0 0 0 0 0
10 12 0 12 0 0 8 16 0 0
0 14 12 0 0 6 3 0 0 0
0 1 0 0 0 4 0 0 6 0
0 0 0 6 4 0 0 0 12 0
0 0 8 3 0 0 0 0 16 6
0 0 16 0 0 0 0 0 0 8
0 0 0 0 6 12 16 0 0 13
0 0 0 0 0 0 6 8 13 0

0 6 10 0 0 0 0 0 0 0
0 0 12 14 1 0 0 0 0 0
0 12 0 12 0 0 8 16 0 0
0 14 12 0 0 6 3 0 0 0
0 1 0 0 0 4 0 0 6 0
0 0 0 6 4 0 0 0 12 0
0 0 8 3 0 0 0 0 16 6
0 0 16 0 0 0 0 0 0 8
0 0 0 0 6 12 16 0 0 13
0 0 0 0 0 0 0 0 0 0